073       4399430                       
073       4399447                       
073       4399465                       
073       4399496                       
073       4399499                       
073       4399534                       
073       4399538                       
073       4399549                       
073       4399585                       
073       4399600                       
073       4399605                       
073       4399622                       
073       4399666                       
073       4399712                       
073       4399824                       
073       4399888                       
073       4399889                       
073       4399941                       
073       4399963                       
