9467249110
9412266570
9412262876
9412222359
9412029325
9411166383
9411111231
9411046395
9410250865
9410207170
9410206156
9410206156
9410156435
9410117858
9410065537
9410054515
9409280725
9409213551
9409160828
9408230127
9408069491
9407318931
9407311852
9407289538
9407249110
9407167957
9407134007
9407087536
9406289216
9406240011
9406240011
9406240011
9406240011
9406221763
9406089277
9406089277
9405039646
9405013930
9404272032
9404212913
9404145238
9404084593
9404043474
9403203723
9403166250
9403165542
9403117139
9403115430
9402188628
9402188057
9402161443
9402151121
9402050109
9401280897
9401191037
9401076915
9401070082
9401014932
9384237770
9312312417
9312246334
9312150502
9312121677
9312063234
9311263074
9311183819
9310177242
9310129060
9309239581
9309188838
9309138882
9308173872
9308081174
9307267030
9307176363
9307051533
9306165839
9306062655
9306062655
9306031742
9305253917
9305224033
9305085012
9305043193
9304279533
9304251581
9304237770
9304221303
9304105464
9304067375
9304067375
9303304043
9303292032
9303233697
9303091350
9303045794
9301310554
9301275831
9301173994
9212300033
9212280912
9212261912
9211261475
9210285814
9210175064
9210035854
9209295204
9209263004
9208250770
9208201617
9207253692
9207186835
9207182339
9207110439
9206253099
9206220940
9206171804
9206151814
9206132368
9206075567
9205262240
9205219596
9205167258
9205160659
9205054019
9205054019
9204284567
9204271390
9204263090
9204184767
9204183231
9204170139
9204151832
9203254330
9203093324
9202290160
9202290160
9202215035
9202184421
9202142536
9202050580
9201246130
9201243582
9201122224
9201023471
9112273447
9112133906
9112040036
9111280336
9111215274
9110293405
9110195170
9110111268
9110034296
9110023091
9109174095
9109115064
9109081068
9109055864
9109027160
9108315392
9108204091
9108204091
9107167521
9107164411
9107132814
9107030455
9107024185
9106255749
9106251292
9106211411
9106165476
9106105878
9106100531
9106057798
9106049175
9105245956
9105171301
9105102512
9105071865
9105070818
9105046586
9104200333
9104184040
9104116257
9104053526
9104034559
9103201787
9103181914
9103180619
9103161221
9103135035
9103023496
9102272631
9102215333
9102200384
9101272996
9101229624
9101203793
9101144732
9101072859
9012282951
9012215720
9012191434
9012133568
9011228211
9011223980
9011185809
9011062438
9011012417
9011012417
9011012417
9010200112
9010152016
9010110576
9010088681
9010073212
9010050525
9010011329
9009206013
9009132557
9009125833
9009083438
9008213473
9008171721
9008156987
9008087133
9008042195
9008013329
9007187389
9007187389
9006282635
9006224860
9006210554
9006132543
9006074976
9006053053
9006053012
9006013131
9005095832
9005070637
9005043360
9004302825
9004282357
9004219458
9004219458
9004175627
9004130218
9004130218
9004106655
9004077369
9004044518
9003312403
9003303451
9003292555
9003211605
9003137115
9003122570
9003122570
9003074946
9002145754
9002130723
9002090737
9001310920
9001310920
9001307553
9001276253
9001204735
9001201046
9001111005
9001104703
8912266056
8912230367
8912230367
8912171108
8912130484
8912088591
8912087817
8911287970
8911220591
8911160193
8911096058
8911096058
8911015942
8910141962
8910125940
8910070104
8910014011
8909297114
8909297114
8909254032
8909252028
8909224985
8909114004
8909078894
8909045026
8908237848
8908230462
8908215919
8908177267
8908177267
8908175600
8908167946
8908032447
8907285079
8907271970
8907224995
8907164076
8907120631
8907087434
8907087434
8907050333
8906309631
8906211498
8906197564
8906197564
8906150456
8906148245
8906070936
8906064020
8906054237
8905311992
8905197896
8905164938
8904298273
8904280149
8904274829
8904247817
8904165712
8904165712
8904165712
8904164897
8904154930
8904068205
8903290388
8903234709
8903216375
8903215336
8903214669
8903145657
8903067687
8902274052
8902252553
8902230203
8902198244
8902128548
8902060238
8902040206
8901229073
8901161615
8901161615
8901114176
8901042039
8899111357
8812292749
8812121633
8812085978
8811246704
8811246704
8811118978
8810314073
8810314073
8810256951
8810170418
8810117880
8810107832
8809122354
8809060299
8809052924
8809024766
8808280419
8808113933
8808108354
8808020302
8807310480
8807276335
8807130953
8807030153
8807010254
8806294123
8806256270
8806101815
8806100767
8806076330
8805250050
8805175638
8805012518
8804254848
8804210261
8804182114
8804156712
8804014150
8803270464
8803261976
8803228801
8803163511
8803120149
8803053936
8803021495
8802263551
8802210586
8802162670
8802124019
8802124019
8802121114
8802035074
8801275598
8801250690
8801240113
8801196810
8801161525
8801140313
8801140313
8801132039
8801101539
8801087878
8801035331
8712254963
8712240376
8712223513
8712108557
8712090177
8712068363
8711258395
8711255631
8711114812
8711056609
8710272504
8710270094
8710260491
8710083976
8709298981
8709293990
8709286713
8709256278
8709201449
8709192432
8709039658
8709028917
8709014693
8708236263
8708096618
8707297571
8707232123
8707211515
8707191550
8707167717
8707165133
8707160480
8707156967
8707074673
8706130302
8706126854
8706115220
8706104877
8706104877
8706100172
8706100172
8706076679
8706020412
8705280629
8705280629
8705280470
8705172479
8705150525
8705120353
8705097817
8704290487
8704220550
8704200040
8704200040
8704160285
8704112013
8704064032
8704027948
8703260490
8703254071
8703250558
8703228562
8703222581
8703202435
8703192537
8703060650
8703060650
8702263016
8702197032
8702193312
8702190250
8702131692
8702077218
8702060081
8702054738
8701234836
8701071717
8701046032
8612314859
8612219090
8612219090
8612187156
8611208573
8611207823
8610233218
8610202791
8610114889
8610035597
8609284107
8609270072
8609146132
8609141471
8608280932
8608275932
8608223551
8608220128
8608220128
8608142702
8608130038
8607260513
8607140137
8607128058
8606222415
8606069535
8606034737
8605042012
8604264021
8604198393
8604183338
8604161458
8604122039
8604031560
8603240105
8603235055
8603219232
8603158927
8603141352
8603130553
8603030837
8602241534
8602234042
8602138979
8602090154
8602061064
8602027321
8602027321
8601300034
8601277539
8601230561
8601230561
8601230561
8601170619
8601152070
8601044764
8512224620
8512209746
8512178255
8512126296
8512107130
8511309133
8511285655
8511207691
8511087812
8510254553
8510246153
8510074852
8510074852
8509291616
8509280288
8509250133
8509130343
8508266528
8508266528
8508265587
8508248963
8508237453
8508185538
8508133348
8508060376
8507306150
8507257007
8507248576
8507248576
8507220625
8506267411
8506204752
8506204034
8506149593
8506137689
8505276231
8505245210
8505206253
8505190564
8505152820
8505071459
8504285530
8504241665
8504210025
8504166656
8504160345
8504150056
8504031959
8503317813
8503301452
8503265988
8502274254
8502238937
8502213948
8502196176
8502133518
8502047197
8501315074
8501258266
8501255494
8501235561
8501184843
8501181930
8501181930
8501170487
8501160389
8501091675
8501070075
8412278924
8411076923
8410191996
8410112224
8409764655
8409290387
8409220012
8409170746
8409170746
8409135053
8409134676
8409061598
8409054726
8408156191
8408073966
8407215592
8407214611
8406305469
8406198922
8406164197
8406127814
8405257323
8405257323
8405250260
8405205017
8405196505
8405164065
8404287396
8404276936
8404270095
8404207790
8404173653
8404155403
8404120035
8404108105
8404095211
8404070396
8404066279
8404061734
8404014071
8403261236
8403252805
8403200176
8403082954
8402280948
8402177151
8402112927
8402018793
8402013539
8401302933
8401261634
8401046704
8312311494
8312270260
8312269098
8312220182
8312170163
8311102522
8311080553
8310308583
8310300754
8310283208
8310262459
8310238954
8310134518
8310133924
8310087458
8310080398
8309235946
8309234485
8309212481
8309211665
8309193285
8309104183
8309014879
8309013772
8309010679
8308314619
8308247819
8308131757
8308050015
8308013815
8307130339
8307130339
8306280465
8306280465
8306257638
8306237010
8306211676
8306188965
8306140263
8306095541
8305295548
8305265509
8305246814
8305199393
8305026208
8304307104
8304290805
8304207205
8304136610
8304114013
8304106613
8304076931
8304020269
8304020269
8303314895
8303220704
8303216595
8303180643
8303150356
8303100369
8303082955
8303037819
8302250082
8302227809
8302225563
8302150688
8302112076
8302101087
8302045078
8301319078
8301319078
8301251594
8301245570
8301223999
8301218841
8301213339
8301194612
8301176239
8301146703
8301090182
8301079292
8301078211
8301041656
8212251444
8212170511
8211260230
8211140051
8211082873
8211058618
8211054153
8210213354
8210205350
8210127331
8210124668
8209234056
8209153595
8209035834
8209011991
8208306228
8208254170
8208235336
8208218217
8208215510
8208184807
8208174139
8208150139
8208105034
8208105034
8208040363
8208040355
8207176952
8207172472
8207157531
8207134050
8207132013
8207116586
8207068936
8207010615
8206294053
8206190152
8206184981
8206161633
8206098231
8206090394
8206069356
8205287454
8205226650
8205042420
8204304391
8204277530
8204260031
8204167004
8204155033
8204138997
8203286227
8203283349
8203257020
8203243921
8203152411
8203141976
8203017531
8202286244
8202278217
8202276617
8202265594
8202114834
8201311456
8201280420
8201280420
8201277459
8201240291
8201238931
8201201608
8201178996
8201177626
8201127282
8201127282
8201088633
8112216943
8112103562
8112068534
8112058931
8112040186
8111994069
8111292044
8111220771
8111216928
8111198282
8111185560
8111121995
8111094648
8111043918
8110298505
8110213231
8110205674
8110202705
8110055681
8109292105
8109254931
8109220171
8109140072
8109122351
8109120223
8109078157
8109051691
8108240113
8108205561
8108194831
8108126957
8108119002
8108070619
8107230362
8107225578
8107063953
8107027560
8107017439
8106274833
8106270054
8106256798
8106210217
8106200150
8106107447
8106012704
8105301140
8105240124
8105214210
8105200151
8105200151
8105189016
8105131232
8105094943
8105093515
8105085495
8104302032
8104300242
8104298933
8104280279
8104254597
8104100576
8103252428
8103221456
8103179068
8103024934
8102262766
8102203612
8102191650
8102171595
8102085670
8102035378
8101249137
8101231291
8101173378
8101161977
8101111972
8101071002
8101014358
8012281500
8012146232
8012143973
8012094093
8012067990
8011254862
8011254516
8011200394
8011030320
8010263583
8010244138
8010229097
8010224908
8010020470
8009280259
8009243679
8009187892
8009139091
8008314893
8008314893
8008250535
8008156617
8008125059
8008091954
8008091491
8008086657
8008024997
8007267563
8007260337
8007247870
8007240685
8007218978
8007139333
8007116141
8007084927
8007083002
8006307816
8006289014
8006213477
8006186269
8006174885
8006164878
8006140258
8006137890
8006121993
8006116613
8005224632
8005211514
8005165637
8005130631
8005129534
8005071561
8005056257
8005046670
8005041424
8005010031
8004295179
8004250091
8004241561
8004235563
8004177302
8004166289
8004157353
8004155613
8004131416
8004070416
8004039460
8004030410
8004030410
8004010438
8003256925
8003238543
8003238543
8003160804
8003094060
8003026617
8003024976
8002226036
8002206277
8002121427
8002121427
8002110347
8002105370
8002087511
8002053505
8002014101
8001202723
8001200164
8001157174
8001042426
7912282089
7912188955
7912130239
7912110348
7912069072
7911272594
7911146988
7911107022
7911066673
7911011067
7910220172
7910192710
7910144612
7910101497
7910075790
7909281524
7909251436
7909212412
7909194065
7909130770
7908280055
7908272424
7908180255
7908166262
7908166262
7908152452
7908131514
7907240266
7907210418
7907083500
7907028943
7906250050
7906190371
7906119354
7906072710
7906072710
7905290313
7905290313
7905271941
7905271941
7905240334
7905189432
7905160284
7905120239
7905092909
7905066275
7905066275
7904257909
7904240475
7904192577
7904182750
7904164014
7904014698
7904014698
7903241938
7903219744
7903074214
7903026677
7903015001
7903015001
7902234082
7902171433
7902086722
7902074611
7901284963
7901272034
7901263413
7901127808
7901090451
7901073952
7901073952
7886135633
7812314800
7812277742
7812271414
7812111644
7812027576
7811278915
7811235030
7811178909
7811154876
7811154009
7811130033
7811107130
7811106975
7811030639
7811030639
7810315072
7810241039
7810224639
7810224639
7810200142
7810159355
7810144126
7810084074
7810037130
7809307551
7809127561
7809110112
7809044949
7808274927
7808263300
7808164664
7808138221
7808120336
7807212779
7807194852
7807165951
7807130351
7807103515
7807079004
7807064667
7807054106
7807047878
7807041780
7807041780
7807011957
7806294620
7806186776
7806181686
7806175951
7806141631
7806091232
7806091232
7806086240
7806057696
7805271611
7805271611
7805196719
7805196719
7805192759
7805143273
7805016552
7804205982
7804200397
7804148133
7804137870
7804053556
7803281935
7803207757
7803138630
7803123319
7803074108
7803060289
7803050470
7803013650
7802190905
7802164827
7802161534
7802158209
7802141635
7801310165
7801273330
7801252094
7801195590
7801192795
7801161436
7801147591
7801140547
7801130456
7801100798
7801100798
7801070348
7801029344
7712843809
7712211411
7712164974
7712134910
7712121669
7712081327
7712010896
7711234356
7711102330
7711088539
7711065578
7710278909
7710214953
7710193991
7710178976
7710140117
7710022778
7710012258
7709276211
7709257138
7709254911
7709180611
7709152958
7709065838
7709037134
7708316653
7708306712
7708301440
7708278978
7708232777
7708232512
7708221473
7708190421
7708180141
7708174102
7708150086
7708121624
7708081489
7708056317
7707214826
7707070384
7707018896
7706235939
7706218257
7706146037
7706142457
7706141947
7706106023
7706086639
7705238934
7705231939
7705169345
7705146319
7705146319
7705114036
7705086234
7705075609
7704270243
7704260327
7704258933
7704227631
7704134837
7704133912
7704114193
7704080501
7704027825
7703220546
7703174759
7703159306
7703141429
7703010376
7703010376
7702150413
7702115564
7702074993
7702043956
7701281961
7701281961
7701180585
7701176443
7701160058
7701087947
7701073335
7701040466
7701040466
7616764835
7612115712
7612035936
7611300513
7611281457
7611280269
7611213211
7611156659
7611120028
7611052445
7611011391
7610258233
7610211430
7610182557
7610143559
7610124849
7610109741
7610105830
7610060423
7610053949
7609266346
7609243915
7609211409
7609169292
7609141499
7609120568
7609101386
7609074658
7609020354
7608319534
7608287574
7608281486
7608273996
7608242520
7608241407
7608213349
7608184656
7608175597
7608083700
7608050774
7608013038
7607300188
7607293953
7607293953
7607160111
7607140089
7607103988
7607094971
7607080731
7607068256
7607050312
7606282874
7606227549
7606221450
7606210255
7606192412
7606146699
7606103336
7606035959
7606014871
7605246219
7605231989
7605197172
7605183057
7605138325
7605130637
7605116644
7605092357
7605060479
7605050058
7605050058
7605020176
7605010334
7604264122
7604190236
7604170139
7604090287
7604034715
7604017215
7603288460
7603264040
7603245973
7603241915
7603220513
7603155016
7603155016
7603141990
7603123584
7603082996
7603055919
7603031738
7602227816
7602202041
7602180270
7602021847
7601234045
7601225597
7601163277
7601128908
7601069201
7601028199
7601028199
7593038262
7585127808
7512286555
7512286555
7512280186
7512242707
7512164919
7512106993
7512098950
7512080131
7512080131
7512037818
7511290327
7511203551
7511112638
7511100039
7511060431
7510254613
7510221653
7510210565
7510200194
7510155976
7510099182
7510099182
7510097269
7510080414
7510080414
7510077857
7510060556
7510021970
7509260829
7509231754
7509222530
7509215617
7509200684
7509200460
7509190570
7509185125
7509184680
7509150079
7509053513
7509026055
7508212037
7508205924
7508202426
7508201972
7508177818
7508177818
7508118531
7508023913
7507301427
7507280688
7507260193
7507260144
7507227838
7507110547
7506140222
7506090096
7506033401
7506026660
7505280177
7505269386
7505167945
7505153333
7505150396
7505142476
7505091475
7505091475
7505084850
7505042973
7505022793
7504257853
7504250981
7504228250
7504172136
7504143996
7504114153
7504071759
7503308905
7503262706
7503250552
7503211695
7503200599
7503182466
7503154010
7503144854
7503144854
7503138229
7503107125
7503107125
7503039633
7503028396
7503025012
7503025012
7502267946
7502256725
7502189371
7502181212
7502169381
7502153971
7502153971
7502147221
7502111037
7502017911
7501317296
7501298934
7501158229
7501153576
7501150523
7501046614
7501030436
7489169252
7464278793
7426034293
7412290111
7412252723
7412206646
7412180403
7412164019
7412104023
7412053550
7412038478
7411180065
7411136901
7411122729
7411111110
7411101186
7411050367
7411020022
7411017895
7410296136
7410287531
7410233592
7410160910
7410156900
7410132034
7410130335
7410110311
7410067859
7410058932
7409280851
7409278533
7409262503
7409190324
7409169252
7409158966
7408313976
7408225956
7408192024
7408123508
7408084023
7408051972
7408024888
7407297121
7407289656
7407207112
7407200216
7407191431
7406220314
7406210075
7406199054
7406199054
7406133996
7406090519
7406052105
7405281010
7405251989
7405248951
7405235131
7405213906
7405134193
7405064846
7405054912
7405050043
7405035267
7405030755
7405013587
7404270436
7404268505
7404251535
7404227097
7404184603
7404161676
7404059359
7404046638
7404044195
7404028941
7404022696
7403285930
7403206795
7403191708
7403162451
7403152452
7403151074
7403131456
7403103315
7403073641
7403068930
7403065225
7403012870
7402168970
7402126358
7402113596
7401213991
7401184093
7401172411
7401165191
7401143214
7401115956
7312260370
7312210441
7312210359
7312162717
7312146694
7312121614
7311203611
7311198506
7311120450
7311120450
7311071646
7311058908
7311058908
7310304618
7310302794
7310174003
7310070284
7310052753
7310052753
7310012427
7309287881
7309274673
7309238207
7309208432
7309106933
7309025919
7309025398
7308304604
7308290035
7308277131
7308257141
7308127831
7308094635
7308067813
7307291687
7307291612
7307283999
7307252184
7307252184
7307202403
7307184049
7307180393
7307157870
7307137203
7307113980
7307090832
7307082995
7307060074
7307045554
7307022405
7306268918
7306230371
7306220513
7306194171
7306185013
7306146270
7306140448
7306098505
7306065934
7305294170
7305234630
7305160074
7305130606
7305095544
7305032562
7305017589
7304250512
7304201994
7304200988
7304150217
7304128056
7304124337
7304107225
7304094183
7304090215
7304071629
7304071629
7304060234
7304023638
7303317197
7303206010
7303194158
7303104074
7303052992
7303032705
7303015213
7303015213
7303014703
7303014703
7302280685
7302161992
7302140160
7302131953
7302131953
7302092189
7302078915
7302030452
7301316233
7301260506
7301233909
7301230152
7301210063
7301208521
7301142456
7301142456
7301137613
7301137613
7301107434
7301046988
7301046988
7301046988
7301024191
7218294117
7212244995
7212220391
7212210392
7212184233
7212103555
7212036607
7212023993
7211234039
7211178517
7211071415
7211060475
7211030858
7210283953
7210283912
7210054982
7210054982
7209243356
7209184832
7209159511
7209159511
7209125058
7209110092
7209025647
7208853015
7208243910
7208180377
7208164942
7208155098
7208140264
7208120472
7208110614
7208060116
7208020318
7208020318
7207209425
7207184115
7207180337
7207177861
7207160073
7207081618
7206277860
7206200615
7206196276
7206194958
7206177672
7206143773
7206103595
7206029485
7205238236
7205230522
7205218535
7205218535
7205213932
7205160257
7205149375
7205071074
7205057859
7205053684
7204263987
7204263599
7204208909
7204170265
7204141456
7204124999
7204100858
7204029230
7203240812
7203240515
7203210211
7203104174
7203080317
7203080317
7203058719
7203057836
7203050302
7202220070
7202190091
7202190091
7202170515
7202156951
7202101742
7202091760
7202047507
7202040650
7202011735
7201284150
7201135659
7201101636
7201080327
7201064065
7201010571
7186062453
7112319301
7112300087
7112186916
7112174136
7112169284
7112090530
7112057810
7111154345
7111060054
7111037102
7110297178
7110224149
7110159493
7110159493
7110112914
7110023939
7109304027
7109272935
7109231451
7109216668
7109164090
7109156633
7109145958
7109145008
7109108675
7109103528
7108640838
7108284816
7108194106
7108116976
7108116976
7108105078
7108054854
7108054854
7107282993
7107225331
7107220175
7107173903
7107170048
7107170040
7107165172
7107155900
7107075959
7106132736
7106085538
7105240035
7105174879
7105172972
7105140052
7105090067
7105068907
7105014042
7104302034
7104277079
7104211516
7104190975
7104179036
7104135111
7104135111
7104135111
7104135111
7104131441
7104124313
7104116657
7103280199
7103267576
7103190091
7103164823
7103164823
7103160789
7103151978
7103141664
7103112046
7103104860
7103054859
7102262958
7102235525
7102220519
7102207599
7102191694
7102191421
7102135690
7102063588
7102063588
7102034928
7102021529
7102014615
7101215593
7101213309
7101209364
7101209364
7101192032
7101128952
7101019458
7012290511
7012240078
7012191438
7012164906
7012142449
7012124066
7011257818
7011150138
7011120255
7011092470
7011021933
7010270267
7010267842
7010255524
7010240187
7010175573
7010160518
7010037500
7009307849
7009271482
7009153037
7009050548
7009030300
7008230430
7008221967
7008160371
7008099421
7008099421
7008015567
7007310118
7007297596
7007284156
7007182475
7007170363
7007126910
7007090504
7007052454
7007051712
7007050235
7006300573
7006293562
7006248517
7006248517
7006234095
7006190438
7006166057
7006161728
7006134014
7006090422
7006040476
7006033935
7005300053
7005298984
7005270629
7005248534
7005217869
7005210229
7005184523
7005184523
7005170373
7005160036
7005120295
7005120287
7005095042
7005087619
7005078972
7005050245
7005046250
7005046250
7004304379
7004300351
7004300351
7004270158
7004251422
7004236779
7004210014
7004210014
7004108218
7004101650
7004092420
7004069287
7004037813
7003278996
7003277543
7003274136
7003269409
7003237174
7003221640
7003150161
7003124851
7003090300
7003085938
7003062630
7003025553
7003018616
7002271471
7002252943
7002231798
7002187750
7002124878
7002090038
7002090038
7001247878
7001228936
7001166755
7001146294
7001110134
7001104673
7001093595
7001052872
7001010979
6912264014
6912262919
6912208516
6912207120
6912207120
6912194849
6912193510
6912150700
6912118525
6912092977
6912070338
6912030050
6912030050
6912030050
6911261631
6911261631
6911261474
6911260534
6911220249
6911145594
6911110465
6911095492
6910256251
6910088902
6910040093
6910040051
6909296292
6909192491
6909185552
6909119031
6909080217
6909044171
6909038983
6908274217
6908230516
6908210278
6908144733
6908132035
6908130435
6908110205
6908110205
6907317405
6907212002
6907157868
6907156233
6907147000
6907147000
6907145582
6907110156
6907095118
6907095118
6906262453
6906188633
6906180275
6906140279
6906120511
6906091654
6906072191
6906010894
6905230212
6905207509
6905202757
6905197833
6905185796
6905180128
6905180128
6905157431
6904277859
6904271407
6904192546
6904187850
6904173587
6904148944
6904027890
6904016653
6904016653
6903318597
6903318597
6903280045
6903241476
6903240577
6903196837
6903194337
6903183322
6903147202
6903122015
6903100094
6903073390
6903028915
6902267936
6902260956
6902260774
6902260089
6902253605
6902238234
6901294170
6901271426
6901264868
6901247533
6901238607
6901229531
6901179512
6901179512
6901144995
6901127859
6901127859
6901092707
6901089497
6901042702
6886203730
6818137899
6816220167
6812300330
6812233994
6812153572
6812153572
6812153572
6812127592
6812126628
6812105978
6812032412
6812030457
6811201620
6811184016
6811160149
6811150058
6811134037
6811055950
6810303948
6810290079
6810240231
6810231925
6810220175
6810218534
6810152451
6809183319
6809120212
6809120212
6809024828
6808309535
6808236902
6808234154
6808234154
6808224866
6808166935
6808158510
6808036971
6808018219
6807307928
6807265514
6807202418
6807047458
6807040511
6806269319
6806264393
6806230287
6806200215
6806100225
6806097124
6806094956
6805296354
6805287619
6805280192
6805241848
6805227144
6805070270
6805040711
6805011977
6804307335
6804284070
6804250113
6804183330
6804162730
6804154158
6804154158
6804150776
6804136270
6804089339
6804080262
6804055959
6804026216
6803309423
6803296952
6803295937
6803151650
6803084935
6803070140
6803038261
6802289469
6802269339
6802268539
6802210598
6802187127
6802149416
6802141637
6802138237
6802090305
6802090149
6802072477
6802044153
6801310522
6801280105
6801245108
6801236248
6801164895
6801024834
6801010619
6712260113
6712227153
6712227153
6712132817
6712125191
6712112033
6712092441
6712054870
6711296951
6711274040
6711273091
6711246691
6711166956
6711161403
6711092780
6711091402
6711061165
6711042116
6711011053
6710284677
6710273977
6710212058
6710195071
6710151462
6709281296
6709216300
6709133067
6709130659
6709125089
6709122961
6709068917
6708286627
6708221699
6708215576
6708169039
6707262868
6707201064
6707045123
6706271613
6706268924
6706205199
6706205199
6706205017
6706194658
6706182547
6706174932
6706155618
6706126676
6706098933
6706091011
6706087274
6706087274
6706081467
6706066666
6706041966
6705318241
6705284401
6705240171
6705221049
6705218946
6705218946
6705204664
6705152459
6705140165
6705121215
6705073507
6705051339
6705051339
6704301198
6704281168
6704261137
6704243572
6704164059
6704158978
6704152419
6704143350
6704116224
6703274354
6703246691
6703232998
6703171592
6703143567
6703123361
6703122454
6703105178
6703099389
6703036654
6703021994
6703016094
6703016094
6702193837
6702191013
6702141034
6702120236
6702060226
6702021962
6701314350
6701310135
6701171115
6701141217
6701134600
6701115963
6701114610
6701065085
6612273919
6612241668
6612211950
6612196698
6612189016
6612041076
6611241453
6611241453
6611211456
6611211456
6611170140
6610312974
6610237510
6610218569
6610212356
6610200377
6610082973
6610021245
6610014893
6609284739
6609281057
6609225120
6609217176
6609208910
6609173270
6609161093
6609152753
6609091282
6609077554
6609062804
6608231277
6608220221
6608217896
6608153356
6608136229
6608117930
6608102429
6608097132
6608053333
6608032626
6608011679
6607291215
6607278972
6607272041
6607243943
6607227110
6607182901
6607167308
6607123962
6607123012
6607123012
6607084602
6607043095
6606297635
6606157946
6606129143
6606128590
6606117510
6606090105
6606083084
6606077110
6606033451
6606020094
6605305207
6605295762
6605244935
6605200275
6605157517
6605146973
6605146973
6605131157
6605098968
6605094926
6605057550
6605031910
6604241353
6604211315
6604187697
6604152915
6604131323
6604129137
6604129137
6604128980
6604122140
6604116696
6604094844
6604090180
6604072956
6604051638
6604038270
6604037595
6604022951
6603270114
6603255990
6603234649
6603171254
6603121499
6603116697
6603095990
6603087054
6603073138
6603071256
6603071256
6603044592
6602255173
6602175025
6602175025
6602148675
6602109305
6602041375
6601290114
6601284323
6601261107
6601115618
6601091603
6601065748
6595042975
6512237519
6512206902
6512206902
6512140036
6512110286
6512099307
6512078558
6511255199
6511251891
6511251891
6511242775
6511224328
6511205046
6511192004
6511175553
6511084003
6511083401
6511028901
6511010693
6510294389
6510287516
6510220053
6510123216
6510107540
6510101071
6510082735
6510076018
6510050112
6509261217
6509261076
6509215627
6509201965
6509143233
6509136708
6509136708
6508301139
6508275606
6508235097
6508232763
6508232763
6508194013
6508033211
6508020432
6507313374
6507286356
6507280219
6507188214
6507161930
6507108204
6507086202
6506309316
6506263190
6506241089
6506237632
6506237632
6506044319
6505318516
6505305984
6505300142
6505271079
6505271079
6505270691
6505256971
6505245065
6505181708
6505181708
6505160215
6505160215
6505120094
6505077047
6505074168
6505071198
6505056694
6505056678
6504281665
6504275121
6504231413
6504183028
6504176915
6504167898
6504153476
6504131712
6504126019
6504103042
6504098010
6504075091
6504075091
6503309301
6503307610
6503286335
6503251115
6503239078
6503201946
6503092022
6503066638
6503064302
6503061381
6502272757
6502249342
6502245993
6502241109
6502222554
6502216317
6502183293
6502162917
6502148940
6502143966
6502125005
6502099309
6502056846
6501312406
6501269333
6501262817
6501248212
6501190018
6501190018
6501188616
6501143736
6501127838
6501123571
6501020181
6486156684
6460253660
6412274612
6412237551
6412222413
6412221415
6412206937
6412201318
6412095561
6412055078
6412038162
6412030162
6411273318
6411211268
6411169359
6411138917
6411119115
6411028936
6410304437
6410301672
6410206053
6410117524
6410047507
6410037003
6409827510
6409301378
6409288989
6409284657
6409239131
6409239131
6409125033
6409051619
6408295118
6408214309
6408211990
6408193453
6408191218
6408167945
6408152830
6408100169
6408086616
6408077847
6408076237
6407290227
6407256608
6407254066
6407225058
6407225058
6407201299
6407175584
6407059473
6406280534
6406270030
6406267556
6406236726
6406228988
6406211943
6406196219
6406184306
6406146008
6406141215
6406095791
6406095791
6406092095
6406075033
6405318962
6405318962
6405313526
6405297513
6405289098
6405163996
6405121457
6405119337
6405101038
6404301415
6404283993
6404261445
6404241611
6404241611
6404240100
6404235001
6404202431
6404182732
6404160167
6404159532
6404157254
6404156652
6404151398
6404115955
6404113238
6404111038
6404101674
6404101674
6404070119
6404035294
6404010289
6403314880
6403286625
6403267922
6403261263
6403261263
6403233163
6403226134
6403120089
6403111419
6402281106
6402161076
6402115536
6402097072
6402094426
6402091109
6402087578
6402063249
6401301103
6401277576
6401211088
6401141491
6401088940
6385213578
6312280032
6312185173
6312129320
6312061085
6312060095
6312024844
6312023200
6311226911
6311194838
6311170010
6311156266
6310221020
6310203911
6310141095
6310035909
6310010167
6310010167
6309200191
6309112784
6309100078
6308318572
6308297164
6308253514
6308220661
6308047031
6307308210
6307270014
6307165099
6307150117
6307114832
6307106994
6307104841
6307023975
6306300333
6306207272
6306202034
6306182517
6306182517
6306143915
6306080257
6306040137
6306031490
6305301068
6305225036
6305152529
6305141936
6305136688
6305015593
6305015031
6304243352
6304141457
6304138941
6304134338
6304071266
6304066274
6304053546
6303277567
6303277567
6303163676
6303134669
6303034331
6302117871
6302091076
6301303100
6301284334
6301193410
6301193410
6301124811
6301020217
6212289372
6212266644
6212266644
6212227539
6212206699
6212018938
6211272957
6211240087
6211227555
6211130270
6210301211
6210301203
6210231483
6210227630
6210176209
6210152564
6210151731
6210146624
6210146624
6210141203
6210102528
6210088214
6210027949
6210025174
6210022619
6209281291
6209254819
6209210142
6209126926
6209105151
6209082590
6209082590
6209060133
6208287794
6208270105
6208241007
6208165958
6208160124
6208131232
6208122413
6208063054
6208050028
6208011095
6207313906
6207220051
6207215978
6207089399
6207089399
6207088938
6207045904
6207026631
6207026631
6207021533
6206298942
6206293158
6206244805
6206244805
6206191113
6206174812
6206137843
6206087683
6206027887
6205308957
6205301457
6205257972
6205240291
6205144824
6205126920
6205022343
6204217894
6204217894
6204205188
6204202854
6204150368
6204148990
6204134909
6204113556
6204110230
6204110230
6204085572
6204085572
6204038639
6203311631
6203308983
6203270191
6203240079
6203240079
6203222697
6203217879
6203141905
6203071185
6203052011
6203041030
6203030892
6202261415
6202231426
6202220189
6202105182
6202105182
6202102361
6202102361
6202068976
6202068976
6202067531
6202049398
6202049398
6202021355
6201310999
6201255137
6201141261
6201096937
6201081095
6201056675
6201036917
6112277576
6112227514
6112127581
6112086274
6111061013
6111061005
6111035595
6110314637
6110314637
6110314637
6110160055
6110146914
6109281433
6109231495
6109231495
6109182961
6109131174
6109064896
6109051208
6109012325
6109011434
6108256972
6108245132
6108208957
6108208957
6108020105
6107267178
6107261080
6107244821
6107211085
6107208982
6107174879
6107107853
6107031145
6107026616
6106287003
6106194803
6106122978
6106010132
6105271255
6105197559
6105119413
6105097809
6105093220
6104301277
6104271884
6104231151
6104216616
6104149312
6104147209
6104135014
6103270176
6103251960
6103212798
6103175623
6103047236
6103047236
6103031172
6102215156
6102201107
6102197834
6102145213
6102144315
6102121107
6102100275
6102094304
6102040067
6102012967
6101246012
6101239017
6101127113
6101091111
6101042791
6101032248
6012317639
6012302714
6012256282
6012225154
6012084312
6012030513
6011171938
6011104814
6011102255
6010311113
6010246947
6010091319
6009284396
6009258234
6009255644
6009231934
6009171114
6009102697
6009100246
6009099331
6009098937
6009086668
6009036226
6008240258
6008211127
6008172444
6008057819
6007311050
6007311050
6007218974
6007217596
6007213512
6007113514
6007079533
6007079533
6006295635
6006270232
6006244823
6006097833
6006073313
6006055575
6006033291
6006019522
6006011917
6005222424
6005107013
6005036923
6004297856
6004235013
6004141153
6004077795
6004067515
6004060288
6003309348
6003234694
6003221089
6003204051
6003158240
6003155055
6003154801
6003152433
6003140412
6003140354
6003135032
6003135032
6002298930
6002282413
6002139423
6002013412
6002011440
6001236352
6001150454
6001066973
5912300778
5912300091
5912214334
5912188975
5912060117
5912022224
5912017190
5911191434
5911172541
5911122496
5911122496
5911080157
5911060241
5911060241
5911054673
5911051950
5910298933
5910265171
5910030971
5909300039
5909267600
5909220120
5909207051
5909184037
5909159351
5909057639
5908261992
5908180218
5908167538
5908161069
5908161069
5908043184
5908043184
5907275050
5907237514
5907065915
5906305189
5906275051
5906197859
5906197859
5906178537
5906171201
5906171201
5906151039
5906125090
5906108906
5905887267
5905183199
5905103932
5905090212
5904273215
5904273215
5904174876
5904146817
5904146817
5904036638
5903312493
5903262649
5903210218
5903190014
5903135852
5903112323
5903103256
5903042470
5903042470
5902231470
5902161677
5902121077
5902010056
5901281435
5901281435
5901265594
5901091677
5901078963
5888259138
5812211018
5812207818
5812017803
5811271047
5811246940
5811242857
5811194843
5811193951
5811077592
5811077592
5810225515
5810225515
5810097013
5809281115
5809265928
5809230815
5809180291
5809147548
5808242001
5808108947
5808101645
5807272819
5807242218
5807206718
5807135024
5807100150
5807090492
5807089429
5807071492
5807040943
5807038632
5806276357
5806227517
5806220173
5806170428
5806160015
5806102629
5805304630
5805301156
5805280442
5805251195
5805250155
5805250155
5805238028
5805192357
5805178513
5805177184
5805020178
5804126984
5804126984
5804025137
5804017134
5803307304
5803296952
5803296952
5803275121
5803214658
5803175578
5803165173
5803098994
5803086254
5803028975
5802142405
5802141084
5802098532
5802058593
5802019355
5801306233
5801302315
5801150383
5801071134
5801047852
5801017574
5712293231
5712290252
5712216968
5712191492
5712186278
5712177855
5712033215
5711249002
5711139039
5711102144
5710250027
5710220350
5710210013
5710132415
5710057919
5709256662
5709177819
5709056633
5708102495
5708101059
5707311188
5707049473
5706290292
5706255097
5706243846
5706201232
5706188546
5706091112
5706066973
5706032454
5706030227
5706030227
5705319068
5705291077
5705267572
5705235058
5705151073
5705093093
5705040052
5704274835
5704240299
5704147882
5704134864
5704107811
5704066603
5704064392
5704056646
5704056646
5704015055
5704014850
5704011005
5703316298
5703311315
5703281021
5703259076
5703192921
5703186279
5703119015
5703111673
5703098995
5703018951
5702271114
5702211656
5702187880
5702091603
5702085589
5702068205
5701290032
5701290032
5701290032
5701290032
5701258997
5701230046
5701212754
5701200205
5701079344
5687151668
5612160092
5612096601
5612045079
5611288936
5611237636
5611235044
5611215913
5611215053
5611207506
5611010199
5610305574
5610211038
5610182981
5610134834
5610134834
5610121609
5610107145
5610064064
5610063553
5609285720
5609250120
5609224349
5609224349
5609136279
5609104830
5609100127
5609075170
5609066286
5608255542
5608176276
5608160163
5608092044
5608048558
5608030028
5608030028
5607247052
5607225058
5607165551
5607116620
5607073078
5606300050
5605248995
5605161644
5605152734
5605151439
5605150043
5605083434
5605083434
5605063451
5604269471
5604240167
5604220516
5604192848
5604081231
5604040054
5604040054
5604021989
5603295105
5603227819
5603130096
5603091876
5603067553
5603067553
5603060244
5603042499
5603037838
5602286311
5602267691
5602072059
5602010240
5601316051
5601312217
5601270209
5601270209
5601152860
5601086670
5601062168
5601062168
5601015901
5588025672
5512298562
5512183533
5512068957
5511307844
5511302498
5511291113
5511185638
5511182734
5511166331
5511110024
5511052671
5511030107
5511011081
5510155939
5510110181
5510110181
5510073033
5509279385
5509278635
5509241252
5509191952
5509181433
5509180195
5509180195
5509032115
5508306924
5508305595
5508254280
5508147591
5508137915
5508085072
5507270238
5507260155
5507248259
5507161130
5507084811
5507012994
5506280055
5506217198
5506101939
5506060143
5506050334
5505308634
5505184027
5505171065
5505170042
5505047893
5505014869
5504251496
5504231001
5504213330
5504098913
5503307026
5503307026
5503271024
5503254830
5503068990
5502165961
5502165961
5502075970
5502020018
5501239056
5501191869
5501173990
5501085699
5497206696
5493185050
5484056227
5412275975
5412232554
5412190109
5412162462
5412127861
5412123035
5412078924
5412068917
5412021015
5411212938
5411209421
5411204653
5411197535
5411178915
5411112559
5411051443
5410185507
5410182280
5410182280
5410091614
5410086978
5409245577
5409185070
5409122172
5408254844
5408254844
5408146271
5408105921
5408010147
5407206696
5406220151
5406074780
5405276204
5405258350
5405156257
5405094896
5404271859
5404210063
5404210063
5404180209
5404140187
5404130402
5404088915
5404055112
5404043431
5404042763
5404018276
5403313967
5403131112
5403046658
5403014037
5402263619
5402157993
5402120033
5402064306
5402043292
5401276257
5401232821
5401232136
5401220222
5401101406
5312317836
5312267874
5312251936
5312231029
5312223943
5312185076
5312040040
5311241037
5311138977
5311128937
5311085921
5311017817
5311015597
5310263990
5310220214
5310196281
5310161731
5310018576
5310010177
5309223310
5309223310
5309218989
5309152642
5309122140
5309049392
5308319333
5308198646
5308149078
5308123040
5308113595
5308037018
5308030146
5307197953
5307064310
5306296350
5306228973
5306106955
5306081067
5306081067
5306080309
5305305129
5305214859
5305181124
5305181009
5305180381
5305171430
5305153115
5305091174
5305081712
5305070483
5304063935
5304027849
5303270036
5303240112
5303010176
5302198980
5302198980
5302153001
5302146757
5302055941
5301264098
5301264098
5301264098
5301040118
5212294309
5212172059
5212098643
5211298251
5211298251
5211228555
5211212351
5211207195
5211207195
5211192488
5211017115
5210281092
5210106422
5210082730
5209296952
5209281863
5209175545
5207246223
5207201053
5207075580
5207017871
5206050113
5206033911
5205258519
5205176273
5205174435
5205021065
5205021065
5204290125
5204290125
5204228315
5204178932
5204126253
5204120322
5203313043
5202196308
5202140173
5202113147
5202072707
5201304689
5201249306
5201228219
5201124624
5201091989
5201085072
5201085072
5201085072
5201051892
5201016051
5112245971
5112112635
5112036974
5111157532
5111102736
5111087820
5110251708
5110234910
5110228979
5110040135
5110040135
5109272996
5109272996
5109192830
5109090950
5108095133
5107252826
5107057951
5106273534
5106028961
5106028961
5106020059
5105257892
5105217904
5105172166
5105138555
5105058977
5104280200
5104280200
5104174916
5104107833
5104080997
5104079099
5103310222
5103272711
5103248331
5103206214
5102232880
5101136223
5089247833
5012127014
5012108956
5012022611
5011271102
5011220257
5011220257
5011175659
5011161758
5011057873
5011057873
5010188968
5010026200
5010018231
5009221853
5009217547
5009046953
5009024620
5008314907
5008250200
5008042250
5008042250
5008042250
5008040130
5007271454
5007219388
5007216418
5007156952
5007015018
5007010159
5007010159
5006303639
5006285596
5005256929
5005159370
5005155006
5005146971
5005032783
5005012876
5004197686
5004188214
5004097639
5003316261
5003243259
5003243259
5003243259
5003218541
5003218541
5003173266
5003160149
5003152351
5003056719
5002136918
5002051539
5002012622
5002012622
5001291151
5001198034
5001162766
5001156982
5001097343
5001030187
5802028539
5802077619
5802210236
5803020063
5803140341
5803264414
5803282176
5803316933
5805133005
5806147871
5807014369
5807145981
5808146954
5809265928
5809265928
5809307860
5810014331
5811128916
5811194843
5812085115
5812255932
5901212638
5901288505
5901306273
5902197838
5902197838
5902218568
5903097870
5903112497
5904077368
5904158283
5904170270
5905169081
5906263123
5906290019
5907289507
5907291487
5908252918
5908267155
5909040163
5910182673
5911071099
5911191962
5911268976
5912111696
5912131447
5912178919
6001286217
6002143292
6002241062
6003084883
6003309348
6004051063
6004101223
6004131295
6004141153
6004141153
6006036294
6006049339
6006067588
6006119017
6006121435
6006237835
6006284613
6008172444
6008177856
6009170033
6009267557
6010074802
6010239025
6010311113
6011102255
6101274048
6101296637
6101296637
6102095921
6103018203
6103018203
6103081094
6103222938
6103224850
6104080020
6104092538
6104297830
6105131905
6105186206
6107034818
6107137579
6107157130
6107157130
6107157130
6108127850
6108282424
6109231495
6109271921
6109278215
6111131972
6111153539
6111265507
6112206997
6112255986
6201248538
6201307524
6202041270
6203095010
6203095010
6203247132
6203269011
6203302317
6204071341
6204131400
6204145038
6205138990
6205138990
6205208918
6206252089
6207264372
6207287209
6208029030
6209178901
6209211355
6210130230
6210161995
6211155038
6212080078
6301171028
6302091258
6302111122
6303134669
6304068502
6304097204
6304157693
6304161430
6305015593
6305015593
6305172550
6305190172
6305254812
6305254903
6305262260
6306040137
6307224375
6307233541
6308078911
6308085007
6308142311
6308142311
6308271649
6309051149
6309054879
6310216228
6311210105
6312125005
6401157059
6401207938
6402084914
6402221227
6402290651
6403015107
6403145144
6403150177
6403189480
6403261263
6404141472
6404143866
6404151133
6404157718
6404210319
6405209013
6405219095
6405230324
6406091030
6406231941
6406243300
6407045134
6407050340
6407172912
6408166947
6408281142
6408291430
6409224851
6410243312
6410304437
6411016212
6411212688
6411253120
6412031160
6412057934
6412095561
6412227115
6412227115
6501043365
6501051483
6501224932
6501233602
6501301193
6502115931
6502183293
6502245993
6503179407
6504064434
6504127546
6504297901
6505065091
6505133915
6505232410
6505246378
6505305935
6506233375
6506233375
6506237632
6506242103
6507097829
6507097829
6507240049
6508011068
6508127526
6508212518
6509386640
6510076232
6510102632
6510151613
6510172999
6510183608
6510186213
6511024033
6511051143
6511084003
6511095512
6511100031
6511216662
6512130078
6512231124
6512240125
6601015503
6601071118
6601090126
6601091116
6601111450
6601116970
6602144914
6602187087
6603117158
6603255990
6605031910
6605062055
6605062055
6605069423
6605129318
6605272530
6605310173
6606069349
6606169016
6606255674
6607010144
6607064018
6607136915
6607271670
6607284889
6608025927
6608217896
6609035347
6609077554
6609233439
6609247504
6610279033
6610301290
6611026235
6611041275
6611041275
6611138238
6611157881
6611298206
6612150125
6612156932
6612290236
6612295920
6701012418
6701114610
6701121607
6701155126
6701155126
6701169374
6702148658
6702193514
6702262673
6702265262
6702271484
6703044690
6703044690
6703073566
6703077898
6703083904
6703105178
6703139011
6703203650
6703233053
6703255650
6703299575
6704125001
6704216958
6704261137
6704274833
6705021324
6705041173
6705181649
6705205604
6705239058
6705251087
6706030225
6706087274
6706116909
6706202451
6706272439
6706290142
6707104474
6707133580
6707201064
6707203516
6708082935
6708153652
6708200040
6708249385
6708280018
6708286627
6709091216
6709113416
6710166239
6710227841
6710245553
6710266252
6710266252
6711011053
6711012713
6711060930
6711161403
6711247814
6711247814
6712183059
6712207841
6712307872
6784196606
6801040335
6801214039
6801216273
6801317907
6802017910
6802017910
6802062031
6802130275
6802165099
6802165099
6803216636
6803217816
6803314639
6804100532
6804117866
6804150776
6805040026
6805061113
6805101620
6805177539
6805281406
6806130453
6806165558
6807174823
6808026303
6808158510
6808166935
6808232489
6809012435
6809045674
6809160630
6809212753
6809300277
6810087947
6810090628
6810105947
6810283504
6810861967
6811010658
6811030532
6811032934
6811100129
6811134037
6811134607
6811173514
6811173514
6811232450
6812034848
6812091178
6812214903
6901013752
6901199056
6901215092
6902078523
6903100052
6903107818
6903128214
6903274147
6904041479
6904048961
6904080378
6904187850
6904265938
6905023948
6905300692
6906017964
6906041352
6906224842
6906225296
6907037094
6907037094
6907051962
6907071465
6907120452
6907147000
6907150251
6907157959
6907176629
6907196619
6907287897
6908063958
6908070151
6908140079
6908211433
6908244947
6909165653
6909248533
6910040093
6910070223
6910072716
6910117834
6910148938
6910163036
6911181698
6912106652
6912117832
6912117832
6912154132
6912213573
7002124902
7002150337
7002174717
7002181514
7002214729
7002214729
7002252943
7002278898
7003015604
7003054678
7003057200
7003156606
7003221020
7003237174
7003294985
7004215526
7004230038
7004304916
7005057836
7005074054
7005109512
7005119024
7006138239
7006155472
7006240332
7006293562
7007130300
7007147858
7007229383
7008033958
7008083367
7008130606
7008162906
7008292513
7009100392
7009174975
7009294153
7010010093
7010049299
7010144637
7010175573
7010236912
7011020141
7011040487
7011071425
7011181489
7011225542
7011225542
7011246944
7012036013
7012093618
7012093618
7012121492
7012180472
7012311937
7101057250
7101117914
7101144918
7101260060
7102161986
7102191421
7102247199
7102262974
7102280141
7103056359
7103268590
7103294604
7103307125
7104020065
7104090357
7104228916
7104250027
7104261651
7104270108
7105090349
7105175033
7106016632
7106080083
7106135572
7106172021
7106228617
7107115052
7107253333
7107276920
7108030086
7108064978
7108077863
7108092425
7108105078
7108107827
7108180386
7108256640
7108312005
7109085584
7109098652
7109240395
7110200420
7111014903
7111030297
7111065624
7111158577
7111174905
7112187609
7112211631
7112284653
7112300087
7201015950
7201044810
7201080327
7201086613
7201100471
7201101529
7201130395
7202040650
7202071689
7202081662
7202097650
7202152505
7202200486
7202207143
7203020511
7203066639
7203133983
7203180141
7203191460
7203191460
7203224691
7203224840
7203240515
7203300426
7204061431
7204208909
7204238526
7204250422
7204263599
7204267822
7204276641
7204301555
7205017549
7205122752
7205160794
7205280782
7206013042
7206062718
7206102720
7206173515
7206197811
7206264611
7207104626
7207125514
7207164703
7207169330
7208026976
7208026976
7208036280
7208090147
7208208962
7208249321
7208258892
7209308902
7210067851
7210130345
7210150129
7210236332
7211064964
7211150334
7211290254
7211290601
7212017854
7212100254
7301045931
7301071424
7301190695
7301265513
7301286907
7302056242
7302120790
7302140202
7302141556
7302235507
7303016930
7303095025
7303192947
7303194158
7303295047
7303317197
7304025658
7304031920
7304034908
7304039048
7304060234
7304061570
7304110492
7305032562
7305063542
7305095544
7305113610
7305147808
7305200250
7306048690
7306140448
7306230496
7306243911
7306294997
7307104914
7307150438
7307203237
7307221619
7307222419
7307262431
7307269006
7308020325
7308060032
7308080527
7308108948
7308257141
7308270474
7309020332
7309208432
7309211477
7309255011
7309260391
7310023937
7310087130
7311033760
7311040237
7311154715
7311236207
7311254846
7312027977
7312044709
7312065688
7312183010
7312198554
7312210359
7401011841
7401180513
7401231712
7401306274
7402102912
7402141621
7402158237
7402182922
7402184654
7402230036
7402277813
7402284736
7402287838
7403103315
7403113504
7403113504
7403123958
7403125615
7403135192
7403206795
7403212421
7403227569
7403252716
7403310456
7403311934
7403318921
7404059359
7405016911
7405053211
7405080339
7405174819
7405230231
7405286985
7406016134
7406019377
7406080254
7407016943
7407019285
7407097638
7407103436
7407289656
7407307839
7408135718
7408180078
7408219231
7408227820
7409153561
7409249187
7409286619
7410080407
7410092436
7410113935
7410128248
7410160118
7410163005
7410319334
7411030070
7411093318
7411204659
7411254951
7411291417
7412077534
7412249018
7412258985
7412290327
7412310158
7501048925
7501051960
7501066943
7501069293
7501148824
7501150523
7501158229
7501190263
7501307826
7502017911
7502135606
7502135606
7502181444
7502204972
7502230159
7502260172
7503085974
7503115730
7503177821
7503202090
7503222106
7503240538
7503272093
7504044848
7504044848
7504063558
7504101408
7504140273
7504144044
7504166252
7504172136
7504212734
7504225215
7504306213
7505051990
7505132709
7505162441
7505196654
7506140164
7506201156
7506242945
7507020522
7507022478
7507161417
7507161417
7507177850
7507200603
7507225584
7508067852
7508080418
7508080418
7508170094
7508195596
7508198947
7508271975
7509231614
7509260829
7509260829
7510020204
7510070233
7510102457
7510129229
7510143956
7510200194
7510200194
7511048527
7511060431
7511243672
7511248317
7511276276
7512042719
7512128047
7512166963
7601087559
7601282705
7601290195
7602196656
7602250016
7603040135
7603077541
7603112413
7603115135
7603155933
7603161915
7603181939
7603190203
7603193538
7603211512
7603264685
7603273355
7603273399
7603314993
7604027511
7604155619
7604201603
7604201603
7604210380
7604278536
7605053946
7605092027
7605130637
7605146914
7605157838
7605203335
7605232631
7605282453
7605297816
7606060197
7606076284
7606117013
7606174840
7606192412
7606202815
7607051674
7607060303
7607178550
7607182420
7607227878
7607230401
7608129354
7608240383
7608242520
7609174953
7609262923
7611010237
7611025920
7611090189
7611148904
7611195509
7611274106
7611274106
7611280335
7612047535
7612135975
7612286901
7701010121
7701010121
7701106234
7701129392
7701141512
7701160058
7701218484
7702167524
7702277109
7703024864
7703166210
7703279344
7704011738
7704027825
7704057871
7704119002
7704133912
7704203947
7705166978
7705228935
7705280175
7706051237
7706086639
7706227852
7706269227
7706280331
7706301632
7707022427
7708190421
7708194639
7708270512
7708270694
7709037134
7709096965
7709120518
7709200278
7709201433
7709231638
7709285808
7709290550
7710024931
7710035549
7710110433
7710193991
7710250049
7710290151
7710314233
7710314233
7710314944
7711014816
7711083928
7711094966
7711214689
7712050330
7712142459
7712164974
7801154894
7801200226
7801243994
7802065578
7802125943
7802166012
7802194634
7802261417
7803010490
7803070197
7803072425
7803100267
7803175996
7803221451
7803278600
7803299333
7803840299
7804205982
7804210305
7804248222
7804250145
7804266646
7804295504
7804307853
7805078206
7805144123
7805255614
7805270167
7806180134
7806270133
7807158204
7807160234
7807176602
7807280537
7808030402
7808071034
7809133551
7810060504
7810083274
7810084074
7810241435
7811020408
7811106975
7811240527
7812064868
7812141302
7812314800
7884200074
7902018573
7902026330
7903053911
7904066276
7904163388
7904182750
7904198616
7905023573
7905023573
7905232083
7905260266
7906180216
7906231944
7907157767
7907232909
7907249010
7907314822
7908188902
7908208999
7908308922
7908311983
7909040698
7909144987
7909212412
7910177877
7910190136
7910292056
7911043961
7912045965
7912130239
7912189748
7912197519
8001088593
8001118937
8001197154
8001304636
8002014101
8002087511
8002087511
8002096637
8002120320
8002206277
8003017889
8003047522
8003064824
8003158923
8003236612
8003272591
8003275941
8004129014
8004266691
8004297886
8004297886
8004308592
8005211647
8005240018
8006055522
8006120508
8006137890
8007047825
8007082491
8007263935
8008148937
8008307566
8009031942
8009064968
8009187892
8010270448
8010270448
8011280149
8011290338
8012100320
8012254002
8101012485
8101013863
8101073966
8102107987
8102148908
8103215730
8104041531
8105127420
8105130895
8105200151
8105240124
8105298981
8106060612
8106217550
8107127626
8107178207
8107224183
8107230362
8110140152
8110248955
8110289165
8111220771
8112173557
8201261644
8201262956
8201292912
8201311456
8202067107
8202213206
8203247716
8203247716
8203280378
8204240025
8204270105
8204271632
8205244919
8207017008
8210206234
8211100170
8301078211
8301142421
8301258979
8301271428
8303120110
8303232030
8303284759
8303310273
8303310273
8304078929
8304103206
8304224978
8306227821
8306235063
8307101942
8309235946
8311034980
8311210192
8311218245
8386248975
8401080158
8401266914
8402017522
8402041605
8402041605
8402155025
8403051710
8403182515
8404277827
8405215537
8405276406
8406306921
8412217310
8412278924
8482041605
8483020277
8501053311
8501184843
8501251667
8502214946
8502257507
8503160247
8504247100
8505085053
8505090327
8507100736
8509250414
8511127147
8512047120
8512260251
8603044093
8603235055
8604038920
8604278278
8606080367
8607230201
8608270255
8609125615
8609227601
8609304210
8610108964
8610180161
8611217582
8702055131
8702211718
8702230429
8704110496
8704111635
8704220550
8704220550
8706222448
8707197870
8707230119
8707300177
8709134996
8709158938
8709192747
8712068363
8712282634
8801035331
8804116674
8805145953
8806304120
8807150134
8807250413
8809103909
8809221909
8811208944
8811287476
8812050238
8812056672
8902040206
8902050049
8902197816
8905095553
8905118975
8906012730
8906197564
8907105681
8908144036
8909068648
8911037912
9003125995
9004051075
9004130218
9004232022
9008123557
9008280050
9008301120
9009230799
9010103431
